Academic license - for non-commercial use only
Optimize a model with 742 rows, 1008 columns and 4949 nonzeros
Variable types: 112 continuous, 896 integer (0 binary)
Coefficient statistics:
  Matrix range     [1e-03, 2e+00]
  Objective range  [2e+01, 1e+04]
  Bounds range     [0e+00, 0e+00]
  RHS range        [1e-01, 4e+02]
Found heuristic solution: objective 2819700.0000
Presolve removed 615 rows and 794 columns
Presolve time: 0.01s
Presolved: 127 rows, 214 columns, 1489 nonzeros
Variable types: 30 continuous, 184 integer (18 binary)

Root relaxation: objective 1.722532e+06, 216 iterations, 0.00 seconds

    Nodes    |    Current Node    |     Objective Bounds      |     Work
 Expl Unexpl |  Obj  Depth IntInf | Incumbent    BestBd   Gap | It/Node Time

     0     0 1722531.66    0   66 2819700.00 1722531.66  38.9%     -    0s
H    0     0                    1748047.2350 1722531.66  1.46%     -    0s
H    0     0                    1727225.8200 1722531.66  0.27%     -    0s
     0     0 1723089.99    0   60 1727225.82 1723089.99  0.24%     -    0s
H    0     0                    1726255.9550 1723089.99  0.18%     -    0s
     0     0 1723089.99    0   58 1726255.95 1723089.99  0.18%     -    0s
     0     0 1723157.88    0   57 1726255.95 1723157.88  0.18%     -    0s
H    0     0                    1724336.8750 1723157.88  0.07%     -    0s
     0     0 1723171.97    0   60 1724336.87 1723171.97  0.07%     -    0s
     0     0 1723171.97    0   60 1724336.87 1723171.97  0.07%     -    0s
     0     0 1723171.97    0   59 1724336.87 1723171.97  0.07%     -    0s
H    0     0                    1724281.0985 1723171.97  0.06%     -    0s
H    0     0                    1724139.8400 1723171.97  0.06%     -    0s
     0     2 1723171.97    0   56 1724139.84 1723171.97  0.06%     -    0s
H  437   434                    1724053.0800 1723280.54  0.04%   2.4    0s
H  563   481                    1723980.9700 1723302.40  0.04%   2.6    0s
H 1455  1029                    1723978.4950 1723344.72  0.04%   4.3    1s
H 1509  1020                    1723965.7150 1723344.72  0.04%   4.2    1s
H 2690  1080                    1723923.8400 1723345.36  0.03%   4.1    1s
 15986 10002 1723919.66  130   13 1723923.84 1723432.03  0.03%   3.7    5s
 21170 13118 1723623.50   30   67 1723923.84 1723446.88  0.03%   3.8   10s
H21225 12495                    1723918.2850 1723446.88  0.03%   3.9   12s
H21338 11928                    1723902.0850 1723446.88  0.03%   3.9   12s
H22867 11659                    1723871.2600 1723454.62  0.02%   3.9   13s
*27382 12356             176    1723859.7200 1723498.07  0.02%   4.1   14s
 28155 12588 1723734.87   50   20 1723859.72 1723502.26  0.02%   4.1   15s
*33722 11940             174    1723828.1750 1723520.38  0.02%   4.2   17s
*33728  9398             173    1723781.7800 1723520.38  0.02%   4.2   17s
 40062 10155 1723697.85   60   14 1723781.78 1723543.50  0.01%   4.8   20s
 48983 10764 1723672.31   35   38 1723781.78 1723564.45  0.01%   5.4   25s
 56765 13228 1723702.41   41   38 1723781.78 1723577.82  0.01%   5.9   30s
 69554 17490 1723773.25   81   13 1723781.78 1723594.31  0.01%   6.6   35s
 81069 20907     cutoff   39      1723781.78 1723605.78  0.01%   7.0   40s

Cutting planes:
  Gomory: 40
  Implied bound: 1
  MIR: 96
  StrongCG: 1
  Flow cover: 1
  Inf proof: 3

Explored 86263 nodes (616402 simplex iterations) in 41.98 seconds
Thread count was 4 (of 4 available processors)

Solution count 10: 1.72378e+06 1.72383e+06 1.72386e+06 ... 1.72398e+06

Optimal solution found (tolerance 1.00e-04)
Best objective 1.723781780000e+06, best bound 1.723609846015e+06, gap 0.0100%
x_ikt[0,0,0] 63
x_ikt[0,0,1] 53
x_ikt[0,0,2] 77
x_ikt[0,0,3] 85
x_ikt[0,0,4] 39
x_ikt[0,0,5] 0
x_ikt[0,0,6] 0
x_ikt[0,1,0] 0
x_ikt[0,1,1] 0
x_ikt[0,1,2] 0
x_ikt[0,1,3] 0
x_ikt[0,1,4] 0
x_ikt[0,1,5] 0
x_ikt[0,1,6] 0
x_ikt[0,2,0] 0
x_ikt[0,2,1] 40
x_ikt[0,2,2] 0
x_ikt[0,2,3] 0
x_ikt[0,2,4] 0
x_ikt[0,2,5] 0
x_ikt[0,2,6] 0
x_ikt[0,3,0] 0
x_ikt[0,3,1] 0
x_ikt[0,3,2] 0
x_ikt[0,3,3] 0
x_ikt[0,3,4] 0
x_ikt[0,3,5] 0
x_ikt[0,3,6] 0
x_ikt[0,4,0] 0
x_ikt[0,4,1] 0
x_ikt[0,4,2] 0
x_ikt[0,4,3] 0
x_ikt[0,4,4] 0
x_ikt[0,4,5] 0
x_ikt[0,4,6] 0
x_ikt[1,0,0] 24
x_ikt[1,0,1] 35
x_ikt[1,0,2] 28
x_ikt[1,0,3] 32
x_ikt[1,0,4] 0
x_ikt[1,0,5] 0
x_ikt[1,0,6] 0
x_ikt[1,1,0] 0
x_ikt[1,1,1] 0
x_ikt[1,1,2] 0
x_ikt[1,1,3] 0
x_ikt[1,1,4] 0
x_ikt[1,1,5] 0
x_ikt[1,1,6] 0
x_ikt[1,2,0] 0
x_ikt[1,2,1] 0
x_ikt[1,2,2] 1
x_ikt[1,2,3] 0
x_ikt[1,2,4] 15
x_ikt[1,2,5] 0
x_ikt[1,2,6] 0
x_ikt[1,3,0] 0
x_ikt[1,3,1] 0
x_ikt[1,3,2] 0
x_ikt[1,3,3] 0
x_ikt[1,3,4] 0
x_ikt[1,3,5] 0
x_ikt[1,3,6] 0
x_ikt[1,4,0] 0
x_ikt[1,4,1] 0
x_ikt[1,4,2] 0
x_ikt[1,4,3] 0
x_ikt[1,4,4] 0
x_ikt[1,4,5] 0
x_ikt[1,4,6] 0
x_ikt[2,0,0] 8
x_ikt[2,0,1] 12
x_ikt[2,0,2] 10
x_ikt[2,0,3] 11
x_ikt[2,0,4] 5
x_ikt[2,0,5] 0
x_ikt[2,0,6] 0
x_ikt[2,1,0] 0
x_ikt[2,1,1] 0
x_ikt[2,1,2] 0
x_ikt[2,1,3] 0
x_ikt[2,1,4] 0
x_ikt[2,1,5] 0
x_ikt[2,1,6] 0
x_ikt[2,2,0] 0
x_ikt[2,2,1] 0
x_ikt[2,2,2] 0
x_ikt[2,2,3] 0
x_ikt[2,2,4] 0
x_ikt[2,2,5] 0
x_ikt[2,2,6] 0
x_ikt[2,3,0] 0
x_ikt[2,3,1] 0
x_ikt[2,3,2] 0
x_ikt[2,3,3] 0
x_ikt[2,3,4] 0
x_ikt[2,3,5] 0
x_ikt[2,3,6] 0
x_ikt[2,4,0] 0
x_ikt[2,4,1] 0
x_ikt[2,4,2] 0
x_ikt[2,4,3] 0
x_ikt[2,4,4] 0
x_ikt[2,4,5] 0
x_ikt[2,4,6] 0
x_ikt[3,0,0] 1
x_ikt[3,0,1] 6
x_ikt[3,0,2] 5
x_ikt[3,0,3] 6
x_ikt[3,0,4] 3
x_ikt[3,0,5] 0
x_ikt[3,0,6] 0
x_ikt[3,1,0] 0
x_ikt[3,1,1] 0
x_ikt[3,1,2] 0
x_ikt[3,1,3] 0
x_ikt[3,1,4] 0
x_ikt[3,1,5] 0
x_ikt[3,1,6] 0
x_ikt[3,2,0] 0
x_ikt[3,2,1] 0
x_ikt[3,2,2] 0
x_ikt[3,2,3] 0
x_ikt[3,2,4] 0
x_ikt[3,2,5] 0
x_ikt[3,2,6] 0
x_ikt[3,3,0] 5
x_ikt[3,3,1] 0
x_ikt[3,3,2] 0
x_ikt[3,3,3] 0
x_ikt[3,3,4] 0
x_ikt[3,3,5] 0
x_ikt[3,3,6] 0
x_ikt[3,4,0] 0
x_ikt[3,4,1] 0
x_ikt[3,4,2] 0
x_ikt[3,4,3] 0
x_ikt[3,4,4] 0
x_ikt[3,4,5] 0
x_ikt[3,4,6] 0
x_ikt[4,0,0] 0
x_ikt[4,0,1] 2
x_ikt[4,0,2] 2
x_ikt[4,0,3] 2
x_ikt[4,0,4] 1
x_ikt[4,0,5] 0
x_ikt[4,0,6] 0
x_ikt[4,1,0] 0
x_ikt[4,1,1] 0
x_ikt[4,1,2] 0
x_ikt[4,1,3] 0
x_ikt[4,1,4] 0
x_ikt[4,1,5] 0
x_ikt[4,1,6] 0
x_ikt[4,2,0] 0
x_ikt[4,2,1] 0
x_ikt[4,2,2] 0
x_ikt[4,2,3] 0
x_ikt[4,2,4] 0
x_ikt[4,2,5] 0
x_ikt[4,2,6] 0
x_ikt[4,3,0] 3
x_ikt[4,3,1] 1
x_ikt[4,3,2] 0
x_ikt[4,3,3] 0
x_ikt[4,3,4] 0
x_ikt[4,3,5] 0
x_ikt[4,3,6] 0
x_ikt[4,4,0] 0
x_ikt[4,4,1] 0
x_ikt[4,4,2] 0
x_ikt[4,4,3] 0
x_ikt[4,4,4] 0
x_ikt[4,4,5] 0
x_ikt[4,4,6] 0
x_ikt[5,0,0] 0
x_ikt[5,0,1] 1
x_ikt[5,0,2] 2
x_ikt[5,0,3] 2
x_ikt[5,0,4] 0
x_ikt[5,0,5] 0
x_ikt[5,0,6] 0
x_ikt[5,1,0] 0
x_ikt[5,1,1] 0
x_ikt[5,1,2] 0
x_ikt[5,1,3] 0
x_ikt[5,1,4] 0
x_ikt[5,1,5] 0
x_ikt[5,1,6] 0
x_ikt[5,2,0] 0
x_ikt[5,2,1] 0
x_ikt[5,2,2] 0
x_ikt[5,2,3] 0
x_ikt[5,2,4] 1
x_ikt[5,2,5] 0
x_ikt[5,2,6] 0
x_ikt[5,3,0] 3
x_ikt[5,3,1] 2
x_ikt[5,3,2] 0
x_ikt[5,3,3] 0
x_ikt[5,3,4] 0
x_ikt[5,3,5] 0
x_ikt[5,3,6] 0
x_ikt[5,4,0] 0
x_ikt[5,4,1] 0
x_ikt[5,4,2] 0
x_ikt[5,4,3] 0
x_ikt[5,4,4] 0
x_ikt[5,4,5] 0
x_ikt[5,4,6] 0
x_ikt[6,0,0] 0
x_ikt[6,0,1] 0
x_ikt[6,0,2] 0
x_ikt[6,0,3] 0
x_ikt[6,0,4] 0
x_ikt[6,0,5] 0
x_ikt[6,0,6] 0
x_ikt[6,1,0] 0
x_ikt[6,1,1] 0
x_ikt[6,1,2] 0
x_ikt[6,1,3] 0
x_ikt[6,1,4] 0
x_ikt[6,1,5] 0
x_ikt[6,1,6] 0
x_ikt[6,2,0] 0
x_ikt[6,2,1] 0
x_ikt[6,2,2] 0
x_ikt[6,2,3] 0
x_ikt[6,2,4] 0
x_ikt[6,2,5] 0
x_ikt[6,2,6] 0
x_ikt[6,3,0] 1
x_ikt[6,3,1] 1
x_ikt[6,3,2] 1
x_ikt[6,3,3] 1
x_ikt[6,3,4] 0
x_ikt[6,3,5] 0
x_ikt[6,3,6] 0
x_ikt[6,4,0] 0
x_ikt[6,4,1] 0
x_ikt[6,4,2] 0
x_ikt[6,4,3] 0
x_ikt[6,4,4] 0
x_ikt[6,4,5] 0
x_ikt[6,4,6] 0
x_ikt[7,0,0] 0
x_ikt[7,0,1] 0
x_ikt[7,0,2] 0
x_ikt[7,0,3] 0
x_ikt[7,0,4] 0
x_ikt[7,0,5] 0
x_ikt[7,0,6] 0
x_ikt[7,1,0] 0
x_ikt[7,1,1] 0
x_ikt[7,1,2] 0
x_ikt[7,1,3] 0
x_ikt[7,1,4] 0
x_ikt[7,1,5] 0
x_ikt[7,1,6] 0
x_ikt[7,2,0] 0
x_ikt[7,2,1] 0
x_ikt[7,2,2] 0
x_ikt[7,2,3] 0
x_ikt[7,2,4] 0
x_ikt[7,2,5] 0
x_ikt[7,2,6] 0
x_ikt[7,3,0] 0
x_ikt[7,3,1] 0
x_ikt[7,3,2] 0
x_ikt[7,3,3] 0
x_ikt[7,3,4] 0
x_ikt[7,3,5] 0
x_ikt[7,3,6] 0
x_ikt[7,4,0] 0
x_ikt[7,4,1] 0
x_ikt[7,4,2] 0
x_ikt[7,4,3] 0
x_ikt[7,4,4] 0
x_ikt[7,4,5] 0
x_ikt[7,4,6] 0
q_jt[0,0] 237
q_jt[0,1] 63
q_jt[0,2] 93
q_jt[0,3] 77
q_jt[0,4] 85
q_jt[0,5] 39
q_jt[0,6] 0
q_jt[1,0] 88
q_jt[1,1] 24
q_jt[1,2] 35
q_jt[1,3] 29
q_jt[1,4] 32
q_jt[1,5] 15
q_jt[1,6] 0
q_jt[2,0] 29
q_jt[2,1] 8
q_jt[2,2] 12
q_jt[2,3] 10
q_jt[2,4] 11
q_jt[2,5] 5
q_jt[2,6] 0
q_jt[3,0] 14
q_jt[3,1] 11
q_jt[3,2] 6
q_jt[3,3] 5
q_jt[3,4] 6
q_jt[3,5] 3
q_jt[3,6] 0
q_jt[4,0] 8
q_jt[4,1] 6
q_jt[4,2] 4
q_jt[4,3] 2
q_jt[4,4] 2
q_jt[4,5] 1
q_jt[4,6] 0
q_jt[5,0] 5
q_jt[5,1] 6
q_jt[5,2] 5
q_jt[5,3] 2
q_jt[5,4] 2
q_jt[5,5] 1
q_jt[5,6] 0
q_jt[6,0] 5
q_jt[6,1] 2
q_jt[6,2] 2
q_jt[6,3] 2
q_jt[6,4] 2
q_jt[6,5] 0
q_jt[6,6] 0
q_jt[7,0] 3
q_jt[7,1] 0
q_jt[7,2] 0
q_jt[7,3] 0
q_jt[7,4] 0
q_jt[7,5] 0
q_jt[7,6] 0
q_jt[8,0] 237
q_jt[8,1] 63
q_jt[8,2] 93
q_jt[8,3] 77
q_jt[8,4] 85
q_jt[8,5] 39
q_jt[8,6] 0
q_jt[9,0] 88
q_jt[9,1] 24
q_jt[9,2] 35
q_jt[9,3] 29
q_jt[9,4] 32
q_jt[9,5] 15
q_jt[9,6] 0
q_jt[10,0] 29
q_jt[10,1] 8
q_jt[10,2] 12
q_jt[10,3] 10
q_jt[10,4] 11
q_jt[10,5] 5
q_jt[10,6] 0
q_jt[11,0] 14
q_jt[11,1] 11
q_jt[11,2] 6
q_jt[11,3] 5
q_jt[11,4] 6
q_jt[11,5] 3
q_jt[11,6] 0
q_jt[12,0] 8
q_jt[12,1] 6
q_jt[12,2] 4
q_jt[12,3] 2
q_jt[12,4] 2
q_jt[12,5] 1
q_jt[12,6] 0
q_jt[13,0] 5
q_jt[13,1] 6
q_jt[13,2] 5
q_jt[13,3] 2
q_jt[13,4] 2
q_jt[13,5] 1
q_jt[13,6] 0
q_jt[14,0] 5
q_jt[14,1] 2
q_jt[14,2] 2
q_jt[14,3] 2
q_jt[14,4] 2
q_jt[14,5] 0
q_jt[14,6] 0
q_jt[15,0] 5
q_jt[15,1] 0
q_jt[15,2] 0
q_jt[15,3] 0
q_jt[15,4] 0
q_jt[15,5] 0
q_jt[15,6] 0
q_jt[16,0] 93
q_jt[16,1] 0
q_jt[16,2] 0
q_jt[16,3] 0
q_jt[16,4] 0
q_jt[16,5] 0
q_jt[16,6] 0
q_jt[17,0] 139
q_jt[17,1] 0
q_jt[17,2] 0
q_jt[17,3] 0
q_jt[17,4] 0
q_jt[17,5] 0
q_jt[17,6] 0
q_jt[18,0] 206
q_jt[18,1] 96
q_jt[18,2] 109
q_jt[18,3] 124
q_jt[18,4] 138
q_jt[18,5] 48
q_jt[18,6] 0
q_jt[19,0] 93
q_jt[19,1] 0
q_jt[19,2] 40
q_jt[19,3] 1
q_jt[19,4] 0
q_jt[19,5] 16
q_jt[19,6] 0
i_jt[0,0] 100
i_jt[0,1] 316
i_jt[0,2] 370
i_jt[0,3] 458
i_jt[0,4] 533
i_jt[0,5] 617
i_jt[0,6] 655
i_jt[1,0] 40
i_jt[1,1] 111
i_jt[1,2] 127
i_jt[1,3] 157
i_jt[1,4] 184
i_jt[1,5] 215
i_jt[1,6] 229
i_jt[2,0] 25
i_jt[2,1] 29
i_jt[2,2] 29
i_jt[2,3] 37
i_jt[2,4] 45
i_jt[2,5] 54
i_jt[2,6] 58
i_jt[3,0] 18
i_jt[3,1] 18
i_jt[3,2] 22
i_jt[3,3] 24
i_jt[3,4] 27
i_jt[3,5] 32
i_jt[3,6] 35
i_jt[4,0] 14
i_jt[4,1] 14
i_jt[4,2] 14
i_jt[4,3] 14
i_jt[4,4] 14
i_jt[4,5] 14
i_jt[4,6] 15
i_jt[5,0] 14
i_jt[5,1] 14
i_jt[5,2] 14
i_jt[5,3] 15
i_jt[5,4] 15
i_jt[5,5] 16
i_jt[5,6] 16
i_jt[6,0] 10
i_jt[6,1] 10
i_jt[6,2] 10
i_jt[6,3] 10
i_jt[6,4] 11
i_jt[6,5] 12
i_jt[6,6] 11
i_jt[7,0] 10
i_jt[7,1] 10
i_jt[7,2] 10
i_jt[7,3] 10
i_jt[7,4] 10
i_jt[7,5] 10
i_jt[7,6] 10
i_jt[8,0] 100
i_jt[8,1] 325
i_jt[8,2] 380
i_jt[8,3] 469
i_jt[8,4] 544
i_jt[8,5] 627
i_jt[8,6] 665
i_jt[9,0] 40
i_jt[9,1] 107
i_jt[9,2] 123
i_jt[9,3] 155
i_jt[9,4] 182
i_jt[9,5] 212
i_jt[9,6] 226
i_jt[10,0] 25
i_jt[10,1] 25
i_jt[10,2] 25
i_jt[10,3] 33
i_jt[10,4] 42
i_jt[10,5] 51
i_jt[10,6] 55
i_jt[11,0] 18
i_jt[11,1] 18
i_jt[11,2] 18
i_jt[11,3] 18
i_jt[11,4] 22
i_jt[11,5] 26
i_jt[11,6] 28
i_jt[12,0] 14
i_jt[12,1] 14
i_jt[12,2] 14
i_jt[12,3] 16
i_jt[12,4] 16
i_jt[12,5] 16
i_jt[12,6] 17
i_jt[13,0] 14
i_jt[13,1] 14
i_jt[13,2] 14
i_jt[13,3] 14
i_jt[13,4] 15
i_jt[13,5] 16
i_jt[13,6] 16
i_jt[14,0] 10
i_jt[14,1] 10
i_jt[14,2] 10
i_jt[14,3] 10
i_jt[14,4] 10
i_jt[14,5] 11
i_jt[14,6] 10
i_jt[15,0] 1
i_jt[15,1] 1
i_jt[15,2] 1
i_jt[15,3] 1
i_jt[15,4] 1
i_jt[15,5] 1
i_jt[15,6] 1
i_jt[16,0] 60
i_jt[16,1] 60
i_jt[16,2] 60
i_jt[16,3] 60
i_jt[16,4] 60
i_jt[16,5] 60
i_jt[16,6] 60
i_jt[17,0] 60
i_jt[17,1] 60
i_jt[17,2] 60
i_jt[17,3] 60
i_jt[17,4] 60
i_jt[17,5] 60
i_jt[17,6] 60
i_jt[18,0] 150
i_jt[18,1] 250
i_jt[18,2] 246
i_jt[18,3] 221
i_jt[18,4] 266
i_jt[18,5] 242
i_jt[18,6] 150
i_jt[19,0] 80
i_jt[19,1] 148
i_jt[19,2] 123
i_jt[19,3] 138
i_jt[19,4] 114
i_jt[19,5] 89
i_jt[19,6] 80
y_jt[0,0] 158
y_jt[0,1] 0
y_jt[0,2] 0
y_jt[0,3] 0
y_jt[0,4] 0
y_jt[0,5] 0
y_jt[0,6] 0
y_jt[1,0] 97
y_jt[1,1] 0
y_jt[1,2] 0
y_jt[1,3] 0
y_jt[1,4] 0
y_jt[1,5] 0
y_jt[1,6] 0
y_jt[2,0] 65
y_jt[2,1] 0
y_jt[2,2] 0
y_jt[2,3] 0
y_jt[2,4] 0
y_jt[2,5] 0
y_jt[2,6] 0
y_jt[3,0] 93
y_jt[3,1] 5
y_jt[3,2] 0
y_jt[3,3] 0
y_jt[3,4] 0
y_jt[3,5] 0
y_jt[3,6] 0
y_jt[4,0] 89
y_jt[4,1] 22
y_jt[4,2] 2
y_jt[4,3] 0
y_jt[4,4] 0
y_jt[4,5] 0
y_jt[4,6] 0
y_jt[5,0] 68
y_jt[5,1] 16
y_jt[5,2] 0
y_jt[5,3] 0
y_jt[5,4] 0
y_jt[5,5] 0
y_jt[5,6] 0
y_jt[6,0] 68
y_jt[6,1] 18
y_jt[6,2] 4
y_jt[6,3] 2
y_jt[6,4] 0
y_jt[6,5] 0
y_jt[6,6] 0
y_jt[7,0] 58
y_jt[7,1] 13
y_jt[7,2] 4
y_jt[7,3] 4
y_jt[7,4] 2
y_jt[7,5] 2
y_jt[7,6] 0
y_jt[8,0] 123
y_jt[8,1] 0
y_jt[8,2] 0
y_jt[8,3] 0
y_jt[8,4] 0
y_jt[8,5] 0
y_jt[8,6] 0
y_jt[9,0] 109
y_jt[9,1] 0
y_jt[9,2] 0
y_jt[9,3] 0
y_jt[9,4] 0
y_jt[9,5] 0
y_jt[9,6] 0
y_jt[10,0] 97
y_jt[10,1] 1
y_jt[10,2] 0
y_jt[10,3] 0
y_jt[10,4] 0
y_jt[10,5] 0
y_jt[10,6] 0
y_jt[11,0] 91
y_jt[11,1] 12
y_jt[11,2] 0
y_jt[11,3] 0
y_jt[11,4] 0
y_jt[11,5] 0
y_jt[11,6] 0
y_jt[12,0] 55
y_jt[12,1] 11
y_jt[12,2] 1
y_jt[12,3] 0
y_jt[12,4] 0
y_jt[12,5] 0
y_jt[12,6] 0
y_jt[13,0] 67
y_jt[13,1] 24
y_jt[13,2] 2
y_jt[13,3] 0
y_jt[13,4] 0
y_jt[13,5] 0
y_jt[13,6] 0
y_jt[14,0] 69
y_jt[14,1] 32
y_jt[14,2] 6
y_jt[14,3] 4
y_jt[14,4] 0
y_jt[14,5] 0
y_jt[14,6] 0
y_jt[15,0] 62
y_jt[15,1] 22
y_jt[15,2] 10
y_jt[15,3] 3
y_jt[15,4] 2
y_jt[15,5] 2
y_jt[15,6] 1
y_jt[16,0] 0
y_jt[16,1] 0
y_jt[16,2] 0
y_jt[16,3] 0
y_jt[16,4] 0
y_jt[16,5] 0
y_jt[16,6] 0
y_jt[17,0] 0
y_jt[17,1] 0
y_jt[17,2] 0
y_jt[17,3] 0
y_jt[17,4] 0
y_jt[17,5] 0
y_jt[17,6] 0
y_jt[18,0] 313
y_jt[18,1] 0
y_jt[18,2] 0
y_jt[18,3] 0
y_jt[18,4] 0
y_jt[18,5] 0
y_jt[18,6] 0
y_jt[19,0] 95
y_jt[19,1] 0
y_jt[19,2] 0
y_jt[19,3] 0
y_jt[19,4] 0
y_jt[19,5] 0
y_jt[19,6] 0
sl_it[0,0] 2.772
sl_it[0,1] 0.177
sl_it[0,2] 0
sl_it[0,3] 0
sl_it[0,4] 0
sl_it[0,5] 0
sl_it[0,6] 0
sl_it[1,0] 0.84
sl_it[1,1] 0.19
sl_it[1,2] 0
sl_it[1,3] 0
sl_it[1,4] 0
sl_it[1,5] 0
sl_it[1,6] 0
sl_it[2,0] 0.5536
sl_it[2,1] 0.1176
sl_it[2,2] 0
sl_it[2,3] 0.0088
sl_it[2,4] 0.0688
sl_it[2,5] 0
sl_it[2,6] 0
sl_it[3,0] 0
sl_it[3,1] 0.4566
sl_it[3,2] 0.3172
sl_it[3,3] 0
sl_it[3,4] 0
sl_it[3,5] 0
sl_it[3,6] 0
sl_it[4,0] 0
sl_it[4,1] 0
sl_it[4,2] 0.1672
sl_it[4,3] 0.3908
sl_it[4,4] 0.1008
sl_it[4,5] 0
sl_it[4,6] 0
sl_it[5,0] 0
sl_it[5,1] 0
sl_it[5,2] 0
sl_it[5,3] 0.1406
sl_it[5,4] 0
sl_it[5,5] 0
sl_it[5,6] 0
sl_it[6,0] 0
sl_it[6,1] 0
sl_it[6,2] 0
sl_it[6,3] 0
sl_it[6,4] 0.3264
sl_it[6,5] 0
sl_it[6,6] 0
sl_it[7,0] 0.1188
sl_it[7,1] 0.1683
sl_it[7,2] 0.1386
sl_it[7,3] 0.1529
sl_it[7,4] 0.0704
sl_it[7,5] 0
sl_it[7,6] 0
spl_it[0,0] 0
spl_it[0,1] 0
spl_it[0,2] 0.266
spl_it[0,3] 0.349
spl_it[0,4] 0.024
spl_it[0,5] 0
spl_it[0,6] 0
spl_it[1,0] 0
spl_it[1,1] 0
spl_it[1,2] 0.02
spl_it[1,3] 0.03
spl_it[1,4] 0.28
spl_it[1,5] 0
spl_it[1,6] 0
spl_it[2,0] 0
spl_it[2,1] 0
spl_it[2,2] 0.0208
spl_it[2,3] 0
spl_it[2,4] 0
spl_it[2,5] 0
spl_it[2,6] 0
spl_it[3,0] 1.4424
spl_it[3,1] 0
spl_it[3,2] 0
spl_it[3,3] 0.1342
spl_it[3,4] 0.2992
spl_it[3,5] 0
spl_it[3,6] 0
spl_it[4,0] 1.1424
spl_it[4,1] 0.3684
spl_it[4,2] 0
spl_it[4,3] 0
spl_it[4,4] 0
spl_it[4,5] 0
spl_it[4,6] 0
spl_it[5,0] 1.3368
spl_it[5,1] 0.6438
spl_it[5,2] 0.0596
spl_it[5,3] 0
spl_it[5,4] 0.0144
spl_it[5,5] 0
spl_it[5,6] 0
spl_it[6,0] 0.4492
spl_it[6,1] 0.2197
spl_it[6,2] 0.3574
spl_it[6,3] 0.2911
spl_it[6,4] 0
spl_it[6,5] 0
spl_it[6,6] 0
spl_it[7,0] 0
spl_it[7,1] 0
spl_it[7,2] 0
spl_it[7,3] 0
spl_it[7,4] 0
spl_it[7,5] 0
spl_it[7,6] 0
p_pt[0,0] 0
p_pt[0,1] 0
p_pt[0,2] 0
p_pt[0,3] 0
p_pt[0,4] 0
p_pt[0,5] 0
p_pt[0,6] 0
p_pt[1,0] 86
p_pt[1,1] 0
p_pt[1,2] 47
p_pt[1,3] 0
p_pt[1,4] 0
p_pt[1,5] 0
p_pt[1,6] 0
r_pst[0,0,0] 14
r_pst[0,0,1] 17
r_pst[0,0,2] 0
r_pst[0,0,3] 0
r_pst[0,0,4] 60
r_pst[0,0,5] 0
r_pst[0,0,6] 0
r_pst[0,1,0] 17
r_pst[0,1,1] 1
r_pst[0,1,2] 0
r_pst[0,1,3] 60
r_pst[0,1,4] 0
r_pst[0,1,5] 0
r_pst[0,1,6] 0
r_pst[0,2,0] 28
r_pst[0,2,1] 0
r_pst[0,2,2] 60
r_pst[0,2,3] 0
r_pst[0,2,4] 0
r_pst[0,2,5] 0
r_pst[0,2,6] 0
r_pst[0,3,0] 0
r_pst[0,3,1] 60
r_pst[0,3,2] 0
r_pst[0,3,3] 0
r_pst[0,3,4] 0
r_pst[0,3,5] 0
r_pst[0,3,6] 0
r_pst[0,4,0] 0
r_pst[0,4,1] 88
r_pst[0,4,2] 79
r_pst[0,4,3] 0
r_pst[0,4,4] 0
r_pst[0,4,5] 0
r_pst[0,4,6] 0
r_pst[0,5,0] 88
r_pst[0,5,1] 79
r_pst[0,5,2] 0
r_pst[0,5,3] 0
r_pst[0,5,4] 67
r_pst[0,5,5] 55
r_pst[0,5,6] 0
r_pst[1,0,0] 0
r_pst[1,0,1] 0
r_pst[1,0,2] 0
r_pst[1,0,3] 0
r_pst[1,0,4] 0
r_pst[1,0,5] 0
r_pst[1,0,6] 0
r_pst[1,1,0] 0
r_pst[1,1,1] 0
r_pst[1,1,2] 0
r_pst[1,1,3] 0
r_pst[1,1,4] 0
r_pst[1,1,5] 0
r_pst[1,1,6] 0
r_pst[1,2,0] 0
r_pst[1,2,1] 0
r_pst[1,2,2] 0
r_pst[1,2,3] 0
r_pst[1,2,4] 0
r_pst[1,2,5] 0
r_pst[1,2,6] 0
r_pst[1,3,0] 0
r_pst[1,3,1] 139
r_pst[1,3,2] 0
r_pst[1,3,3] 0
r_pst[1,3,4] 0
r_pst[1,3,5] 0
r_pst[1,3,6] 0
r_pst[1,4,0] 0
r_pst[1,4,1] 0
r_pst[1,4,2] 0
r_pst[1,4,3] 0
r_pst[1,4,4] 0
r_pst[1,4,5] 0
r_pst[1,4,6] 0
r_pst[1,5,0] 80
r_pst[1,5,1] 0
r_pst[1,5,2] 74
r_pst[1,5,3] 74
r_pst[1,5,4] 83
r_pst[1,5,5] 80
r_pst[1,5,6] 0
u_pst[0,0,0] 7
u_pst[0,0,1] 17
u_pst[0,0,2] 0
u_pst[0,0,3] 0
u_pst[0,0,4] 60
u_pst[0,0,5] 0
u_pst[0,0,6] 0
u_pst[0,1,0] 0
u_pst[0,1,1] 0
u_pst[0,1,2] 1
u_pst[0,1,3] 0
u_pst[0,1,4] 0
u_pst[0,1,5] 0
u_pst[0,1,6] 0
u_pst[0,2,0] 4
u_pst[0,2,1] 27
u_pst[0,2,2] 0
u_pst[0,2,3] 0
u_pst[0,2,4] 0
u_pst[0,2,5] 0
u_pst[0,2,6] 0
u_pst[0,3,0] 0
u_pst[0,3,1] 0
u_pst[0,3,2] 0
u_pst[0,3,3] 0
u_pst[0,3,4] 0
u_pst[0,3,5] 0
u_pst[0,3,6] 0
u_pst[0,4,0] 35
u_pst[0,4,1] 33
u_pst[0,4,2] 88
u_pst[0,4,3] 79
u_pst[0,4,4] 0
u_pst[0,4,5] 0
u_pst[0,4,6] 0
u_pst[0,5,0] 42
u_pst[0,5,1] 0
u_pst[0,5,2] 0
u_pst[0,5,3] 0
u_pst[0,5,4] 0
u_pst[0,5,5] 67
u_pst[0,5,6] 55
u_pst[1,0,0] 7
u_pst[1,0,1] 0
u_pst[1,0,2] 0
u_pst[1,0,3] 0
u_pst[1,0,4] 0
u_pst[1,0,5] 0
u_pst[1,0,6] 0
u_pst[1,1,0] 14
u_pst[1,1,1] 0
u_pst[1,1,2] 0
u_pst[1,1,3] 0
u_pst[1,1,4] 0
u_pst[1,1,5] 0
u_pst[1,1,6] 0
u_pst[1,2,0] 21
u_pst[1,2,1] 0
u_pst[1,2,2] 0
u_pst[1,2,3] 0
u_pst[1,2,4] 0
u_pst[1,2,5] 0
u_pst[1,2,6] 0
u_pst[1,3,0] 28
u_pst[1,3,1] 0
u_pst[1,3,2] 139
u_pst[1,3,3] 0
u_pst[1,3,4] 0
u_pst[1,3,5] 0
u_pst[1,3,6] 0
u_pst[1,4,0] 35
u_pst[1,4,1] 0
u_pst[1,4,2] 0
u_pst[1,4,3] 0
u_pst[1,4,4] 0
u_pst[1,4,5] 0
u_pst[1,4,6] 0
u_pst[1,5,0] 42
u_pst[1,5,1] 80
u_pst[1,5,2] 0
u_pst[1,5,3] 74
u_pst[1,5,4] 74
u_pst[1,5,5] 83
u_pst[1,5,6] 80
e_pt[0,0] 0
e_pt[0,1] 0
e_pt[0,2] 0
e_pt[0,3] 0
e_pt[0,4] 0
e_pt[0,5] 0
e_pt[0,6] 0
e_pt[1,0] 0
e_pt[1,1] 0
e_pt[1,2] 0
e_pt[1,3] 0
e_pt[1,4] 0
e_pt[1,5] 0
e_pt[1,6] 0
​
